-1.08033e-07            0   1.3737e-08
   0.0419384            0  -0.00574534
   0.0924382            0   -0.0119629
    0.152801            0   -0.0116706
    0.221931            0 -0.000469619
    0.221971  -0.00415893 -0.000466306
    0.241519   -0.0365886   -0.0263881
    0.234228   -0.0370951   -0.0604554
    0.236108   -0.0369306    -0.135127
    0.231686   -0.0369349    -0.178163
    0.239412   -0.0369406    -0.208053
     0.24453   -0.0369336     -0.19964
    0.255721   -0.0369338    -0.206611
    0.221971   0.00415893 -0.000466306
    0.241519    0.0365886   -0.0263881
    0.234228    0.0370951   -0.0604554
    0.236108    0.0369306    -0.135127
    0.231686    0.0369349    -0.178163
    0.239412    0.0369406    -0.208053
     0.24453    0.0369336     -0.19964
    0.255721    0.0369338    -0.206611
     0.27175            0   -0.0126046
     0.29189            0   -0.0151835
    0.317338            0   -0.0204965
    0.366003   -0.0241316  -0.00303388
    0.366003    0.0241316  -0.00303388
    0.339801   -0.0340688    0.0173477
    0.341837   -0.0457666    0.0251498
    0.345479   -0.0568645    0.0338297
     0.34824   -0.0678399    0.0433598
    0.349974   -0.0753022    0.0546109
    0.339801    0.0340688    0.0173477
    0.341837    0.0457666    0.0251498
    0.345479    0.0568645    0.0338297
     0.34824    0.0678399    0.0433598
    0.349974    0.0753022    0.0546109
    0.352512            0   -0.0327998
     0.42202            0   -0.0619109
-5.98843e-06  -0.00398168 -1.75669e-05
  -0.0336993   -0.0396164   -0.0109019
  -0.0276894   -0.0401628    -0.061424
  -0.0426483   -0.0398569    -0.119893
  -0.0389372     -0.03989    -0.173923
  -0.0370974   -0.0398611    -0.206711
  -0.0295309   -0.0398583    -0.199143
  -0.0195175   -0.0398575    -0.204812
  -0.0677371            0    0.0211942
   -0.093007            0    0.0155741
   -0.115883            0    0.0117969
   -0.137286            0    0.0099722
   -0.157012            0   0.00995871
   -0.174899            0    0.0100218
   -0.193313            0    0.0103401
   -0.215505            0   0.00965693
-5.98843e-06   0.00398168 -1.75669e-05
  -0.0336993    0.0396164   -0.0109019
  -0.0276894    0.0401628    -0.061424
  -0.0426483    0.0398569    -0.119893
  -0.0389372      0.03989    -0.173923
  -0.0370974    0.0398611    -0.206711
  -0.0295309    0.0398583    -0.199143
  -0.0195175    0.0398575    -0.204812