5341
170
40
71
1750
50
109
28
210
295
432
10990
310
8362
698
4013
685
679
901
1033
1038
1376
8353
1137
1141
1140
1252
1253
1261
1264
1184
1187
1189
1336
1256
1258
1211
1181
1337
1378
1382
1390
1392
1406
1319
1398
1394
1379
1399
1403
1384
1449
5126
5314
5308
10831
1401
5291
1535
1551
1552
4025
4106
1618
1737
1767
1598
1680
1773
1776
4097
1842
2981
1765
1705
1882
1903
1896
2064
2063
2068
2073
2074
1928
69
1962
2022
2105
2062
2065
2071
2072
2076
2077
2028
2090
2143
2122
2157
2061
2183
3054
1927
2251
2249
2304
2426
2339
2070
2318
2067
2109
2075
2069
2490
2381
2450
2435
4058
2497
7871
2459
1157
2612
2618
2633
2626
2613
2886
2582
2630
2608
2602
2622
2955
2598
2066
3044
3049
2209
3056
3070
3074
3051
3111
3618
3533
3093
3172
3137
3453
3496
3659
3515
3538
3541
3039
3063
3652
3542
3622
3638
3641
3551
3669
3661
3665
3623
3676
3628
2464
1228
4020
1650
1687
1386
1642
4207
5180
4244
5106
5130
4243
4280
5204
4359
4270
4284
4316
4311
4347
4470
4381
4382
4440
4472
4410
4437
4429
4435
4441
4428
4471
4496
4915
4503
4490
4817
4467
4891
5001
5007
4904
4994
4983
4988
5003
5011
5016
5026
5020
5029
4975
5114
5118
5120
5123
5128
5132
5135
5137
5139
5145
5108
5151
5124
5133
5116
5112
5111
10819
1450
5147
10852
5143
5331
5337
5381
5511
5551
5412
5410
5430
5450
5369
5569
10832
5635
5618
5636
5652
5638
10896
6020
6039
10900
5773
6167
10829
5984
6374
6026
6613
6451
6553
6457
6482
6499
6594
6526
6531
6529
6569
6600
6603
6606
6595
6523
6718
6721
6720
6730
6741
6740
6745
6748
6726
6734
10740
6732
6743
6877
6791
6792
6736
6661
6724
8365
10839
6850
10573
6894
9465
6893
6960
10590
6992
7022
6940
7079
7092
7107
7118
7047
7115
7029
8372
7184
7245
7238
7593
7224
7591
7270
7411
7410
7417
7403
7304
7412
7364
7414
7370
7451
7405
7415
7418
7447
7464
8436
7499
7525
7551
8462
7432
7406
7269
7408
7660
7681
7768
7404
7413
7409
7646
8443
7727
7778
7407
7723
10799
7416
9498
7839
7792
8329
9500
10854
7806
7832
7902
7878
7879
7419
7932
7962
7963
7968
7983
6483
7948
7980
7958
7976
6598
7972
8305
7952
8236
7109
10871
10879
9553
8455
8431
8441
8446
7485
8448
8485
8503
8907
8564
8466
8529
8845
9051
8930
8925
8933
8943
8934
9030
8888
9014
9015
9020
9033
9061
9044
9057
9068
9010
9053
9460
6728
9529
9541
10592
7084
9717
10594
9691
9690
9654
9727
9888
9731
9758
9917
9806
9794
9828
9829
9887
9857
9882
9918
9763
9875
9876
9884
9914
9950
9943
9919
9937
10264
10362
10476
10450
10454
10338
10351
10441
10448
10458
10463
10473
10467
10430
10422
10435
10553
10558
10570
10580
10586
10588
10577
10598
10563
10575
10589
10571
10627
10565
10561
10559
10824
10713
10567
10719
10555
10582
10579
10584
10757
10756
10763
10780
10781
8368
2256
10858
237
5575
10979
10991
11036
11037
10980
10992
286
11122
11142
11143
11150
11158
11159
11168
11169
11136
11178
11185
11186
11195
11215
11233
11214
11221
229
11228
11177
11227
11149
