71 77 68
33 241 51
7 246 1
210 220 212
217 219 210
194 200 205
95 156 137
10 17 22
4 176 5
34 27 26
136 110 109
6 4 5
95 100 99
53 54 235
512 6 5
38 241 33
181 57 227
144 146 152
178 188 184
232 184 225
2 3 8
29 44 28
10 22 262
204 195 198
96 101 140
159 166 146
58 43 42
42 43 46
370 376 121
142 150 144
44 401 35
199 206 207
244 245 184
111 87 97
160 162 167
26 27 23
124 123 127
137 156 148
47 171 33
153 144 145
164 168 163
188 194 197
39 53 47
513 73 76
237 243 223
172 41 175
90 82 121
53 235 47
47 235 52
135 126 124
164 158 168
168 158 166
18 523 13
96 140 138
176 244 232
152 163 143
126 135 125
125 135 134
33 51 54
32 31 36
95 137 100
12 10 9
213 222 202
107 115 116
213 202 212
124 133 132
83 94 102
100 96 99
31 30 36
36 30 20
159 154 161
152 166 158
139 143 111
64 174 173
119 170 114
94 78 136
240 5 238
156 145 144
190 199 201
116 114 117
210 216 211
104 77 71
24 26 21
233 180 177
146 165 152
103 74 75
377 514 112
142 152 143
177 185 186
132 131 123
58 59 48
4 69 67
74 76 73
185 189 193
105 513 76
122 128 129
66 59 63
60 400 49
43 58 45
73 65 62
157 163 151
217 218 219
72 3 102
272 22 23
2 93 84
147 148 149
50 40 175
523 18 171
109 104 102
103 77 104
159 155 154
20 25 24
103 76 74
12 17 10
175 40 172
143 163 157
48 59 56
56 59 60
202 222 200
57 228 61
177 180 179
135 26 24
17 19 22
145 167 162
22 19 23
109 103 104
57 50 175
120 170 119
93 2 255
255 2 0
85 81 86
166 152 165
77 174 68
40 37 36
36 37 32
102 3 83
144 148 156
141 137 147
159 161 163
207 201 199
2 8 0
98 96 139
42 37 50
228 181 236
38 18 13
218 217 209
16 14 20
208 200 221
10 515 9
30 31 122
98 139 111
307 38 268
243 499 238
188 197 199
44 56 49
7 70 6
59 62 60
178 230 236
236 230 229
15 19 17
2 84 3
3 84 83
4 67 176
186 185 191
46 44 42
136 102 94
8 3 1
229 173 61
62 74 73
202 191 195
179 237 183
217 211 204
176 232 225
117 380 375
34 128 35
99 91 82
75 66 174
112 85 92
85 112 81
236 61 228
205 208 206
265 256 541
93 92 84
84 92 85
512 511 6
243 237 224
69 71 68
121 82 514
246 7 6
42 44 37
514 381 121
80 108 121
121 108 90
77 75 174
84 85 111
111 85 86
181 228 57
204 202 195
154 145 169
127 123 131
57 52 227
241 242 54
134 129 125
96 81 91
41 57 175
10 265 515
190 193 189
34 401 23
134 122 129
14 171 36
212 214 215
132 34 135
209 214 212
54 51 241
78 79 89
37 128 122
114 113 80
502 243 241
200 194 188
74 62 66
156 95 157
181 178 236
541 515 265
120 119 118
109 89 115
17 12 14
65 513 399
191 185 195
142 140 101
62 65 402
48 45 58
194 205 203
186 191 188
159 163 166
147 101 141
33 54 39
39 54 53
21 23 19
162 163 161
113 95 80
79 95 88
223 243 239
239 243 238
30 122 25
25 122 24
206 203 205
78 94 95
215 222 213
119 80 118
147 149 101
149 150 142
149 142 101
128 28 35
193 190 192
111 86 87
246 0 1
132 128 34
514 82 91
155 146 154
114 170 117
151 156 157
122 134 24
133 126 128
27 34 23
166 163 168
98 111 97
208 209 217
127 135 124
202 200 191
118 80 121
56 60 49
152 142 144
95 79 78
24 21 20
230 173 229
83 84 111
98 97 96
242 226 54
54 226 235
382 370 121
50 37 40
255 92 93
144 153 146
90 99 82
188 178 181
221 214 209
80 95 99
113 114 88
200 222 221
45 44 43
43 44 46
75 74 66
117 170 380
307 308 38
102 104 72
222 214 221
188 199 190
1 3 72
171 14 523
193 192 195
195 192 196
238 225 184
117 106 116
153 154 146
44 48 56
91 99 96
192 190 196
182 183 187
59 58 63
117 105 106
105 76 106
179 183 182
154 169 161
61 173 63
210 219 220
186 234 242
36 171 40
15 16 19
206 201 207
20 30 25
236 229 61
181 227 234
5 225 238
95 113 88
89 109 78
131 132 135
34 35 401
133 128 132
135 127 131
101 96 141
63 174 66
104 71 72
81 112 514
107 103 109
136 109 102
130 128 126
151 145 156
125 129 130
211 216 204
198 195 196
136 78 110
57 41 52
52 41 47
58 42 50
87 96 97
0 8 1
140 142 138
138 142 143
211 217 210
173 174 63
376 120 118
190 201 196
241 55 502
12 523 14
119 114 80
37 29 128
178 231 230
64 68 174
58 50 57
44 49 401
180 237 179
5 176 225
90 108 99
124 126 133
89 79 115
72 71 70
70 71 69
171 172 40
66 62 59
69 68 67
62 402 400
154 153 145
511 246 6
161 169 162
191 200 188
178 245 231
160 151 162
109 110 78
73 513 65
162 169 145
209 208 221
70 69 4
143 139 138
238 184 183
118 121 376
234 186 181
181 186 188
106 103 116
116 103 107
375 513 105
198 201 204
21 26 23
63 58 57
203 206 199
208 217 201
201 217 204
28 44 35
115 88 114
512 5 240
37 44 29
214 222 215
135 34 26
163 158 164
138 139 96
38 13 268
255 377 92
92 377 112
157 111 143
203 197 194
183 190 187
187 190 189
111 94 83
219 218 209
514 91 81
147 137 148
308 241 38
67 64 176
176 64 173
212 204 210
14 36 20
1 70 7
237 180 224
37 122 32
183 223 239
183 239 238
179 182 177
177 182 187
44 45 48
400 60 62
108 80 99
141 96 100
21 19 20
230 231 173
173 231 245
148 144 149
33 171 18
184 245 178
220 219 212
176 173 245
121 381 382
123 124 132
11 13 523
144 150 149
204 212 202
77 103 75
20 19 16
184 188 183
94 111 95
185 193 195
233 241 243
115 107 109
63 57 61
10 262 265
103 106 76
308 55 241
151 160 167
29 28 128
100 137 141
38 33 18
115 114 116
162 151 163
167 145 151
176 245 244
198 196 201
166 165 146
158 163 152
235 242 234
235 227 52
242 235 226
242 241 233
187 189 177
177 189 185
227 235 234
41 172 47
238 499 240
6 70 4
177 186 233
233 186 242
208 205 200
375 105 117
33 39 47
183 237 223
79 88 115
208 201 206
23 401 272
224 180 243
86 81 87
87 81 96
1 72 70
219 209 212
135 24 134
67 68 64
125 130 126
215 213 212
32 122 31
47 172 171
216 210 204
203 199 197
183 188 190
129 128 130
111 157 95
159 146 155
184 232 244
233 243 180
269 273 436
329 327 324
307 303 309
473 479 475
303 502 55
475 478 476
463 446 454
349 404 354
438 320 252
278 286 394
357 358 363
337 351 354
302 303 508
494 507 509
508 303 307
492 298 489
416 418 410
495 493 458
249 250 247
284 305 285
460 465 468
408 406 407
418 430 421
304 295 297
297 295 301
410 415 413
253 511 252
510 439 488
283 401 305
303 55 309
269 258 260
467 466 456
348 347 343
425 427 424
272 286 278
386 385 387
412 404 349
500 512 240
508 436 289
289 436 291
432 410 411
275 271 270
420 431 428
461 454 458
289 509 290
328 321 364
497 243 491
435 299 434
0 249 255
371 362 372
310 494 289
289 494 509
372 376 370
387 393 390
514 366 381
381 366 382
430 429 431
431 429 428
405 408 407
365 420 416
396 390 388
388 390 393
507 302 508
274 281 280
508 307 282
351 349 354
457 481 474
369 359 374
473 457 474
397 395 387
356 342 333
246 254 248
337 407 351
275 279 274
274 279 281
422 417 421
429 430 416
343 365 352
316 325 319
373 379 378
357 355 342
432 404 410
459 456 451
379 374 367
471 470 475
327 329 332
288 278 389
444 483 503
416 433 418
331 323 330
366 377 336
365 416 413
450 444 440
385 392 397
301 292 313
317 322 320
323 321 328
453 448 450
268 269 282
263 264 273
384 398 277
314 313 318
294 400 311
293 301 295
402 399 321
420 403 423
478 477 476
356 250 326
498 445 501
251 383 247
412 409 414
435 306 296
356 332 358
332 329 330
421 417 419
389 276 275
323 328 330
13 269 268
266 267 260
434 306 435
403 420 365
292 300 313
313 300 311
446 481 457
312 505 298
442 483 444
389 278 390
267 22 270
427 425 432
272 270 22
332 330 358
435 296 298
373 378 120
379 380 378
267 270 263
255 247 383
340 345 338
430 433 416
324 325 329
484 500 240
280 287 274
274 287 306
333 250 356
404 412 410
409 349 353
422 421 420
459 467 456
264 271 273
255 249 247
352 407 350
296 287 297
486 489 505
445 493 438
472 476 477
469 446 462
259 257 266
279 277 281
315 439 317
343 352 350
268 282 307
456 461 458
300 305 294
253 437 254
402 313 311
504 506 486
486 506 495
333 251 250
250 251 247
320 438 317
440 449 450
305 304 297
342 356 357
248 250 249
312 316 504
402 321 323
465 449 457
491 442 445
468 471 476
375 380 367
493 487 488
367 364 375
283 398 394
341 337 371
266 265 262
325 318 331
346 338 336
345 336 338
505 312 486
463 466 462
516 256 265
338 346 251
251 346 383
512 252 511
496 491 243
327 322 324
366 371 370
287 305 297
370 382 366
362 339 372
372 339 335
325 331 329
320 253 252
346 336 255
251 343 338
338 343 340
298 505 489
465 457 468
258 269 13
426 432 417
392 385 386
492 310 298
507 441 303
303 441 502
396 388 384
345 407 341
435 298 299
266 516 265
448 453 451
384 277 396
482 480 473
397 390 394
473 480 472
355 368 344
277 398 287
335 334 379
498 500 484
458 454 446
318 402 323
403 354 404
262 22 267
486 495 489
372 373 120
369 368 358
273 260 267
465 450 449
413 406 408
402 65 399
301 293 292
464 463 454
260 261 266
449 440 458
430 420 421
507 303 302
309 55 308
353 406 409
509 507 290
290 507 508
270 272 288
422 420 427
335 354 334
354 344 361
497 484 499
499 484 240
389 277 276
276 277 279
466 463 464
243 497 499
354 342 355
474 481 482
372 335 373
406 414 409
415 414 413
406 413 414
398 283 284
452 451 453
347 340 343
255 336 377
248 0 246
394 398 397
346 255 383
263 273 267
341 371 366
419 417 418
403 404 423
389 396 277
398 393 395
514 377 366
430 431 420
343 350 348
476 472 462
387 390 386
449 446 457
500 252 512
300 294 311
410 413 416
355 344 354
315 493 488
275 288 389
504 316 506
343 251 333
350 407 348
438 252 500
494 485 507
507 485 441
500 498 501
259 266 261
306 287 296
418 411 410
371 337 362
379 367 380
489 495 458
472 480 469
337 354 335
361 379 334
481 446 469
318 323 331
438 315 317
326 332 356
469 480 481
451 456 458
248 326 250
455 452 465
465 452 453
282 269 436
374 360 367
418 417 411
293 300 292
407 337 341
455 451 452
447 445 443
314 301 313
360 364 367
360 328 364
442 443 445
422 426 417
314 316 312
479 478 475
441 490 440
306 436 274
270 271 263
467 459 466
275 276 279
312 504 486
490 492 489
361 334 354
282 436 508
305 293 295
358 368 355
390 397 392
397 398 395
392 386 390
406 353 407
318 325 314
326 327 332
336 345 366
358 330 359
356 358 357
393 398 391
404 432 423
262 267 266
391 384 388
468 470 471
455 465 460
357 363 355
291 299 310
310 299 298
296 297 301
348 407 347
294 49 400
248 249 0
365 413 405
405 413 408
475 476 471
314 325 316
372 120 376
455 459 451
273 269 260
335 379 373
398 285 287
506 487 495
325 324 319
305 300 293
298 296 301
401 49 305
491 483 442
337 339 362
395 393 387
344 368 369
326 437 327
327 437 322
306 434 436
313 402 318
317 324 322
411 417 432
427 426 422
449 458 446
487 493 495
427 423 424
358 355 363
321 399 364
432 426 427
469 462 472
320 322 437
305 295 304
286 272 394
365 405 352
445 438 501
490 489 440
440 489 458
359 330 374
374 330 360
375 364 513
468 459 460
272 278 288
305 49 294
438 500 501
298 301 314
456 466 464
468 476 459
459 476 462
283 305 284
361 369 379
285 305 287
482 481 480
278 394 390
428 429 420
352 405 407
365 343 403
516 266 257
454 461 464
448 451 447
447 451 445
333 342 343
478 472 477
345 341 366
272 401 283
412 349 409
316 319 439
473 475 468
271 274 273
254 437 248
496 483 491
280 277 287
497 445 484
445 498 484
488 487 510
442 444 443
443 444 447
309 308 307
311 400 402
337 335 339
407 353 351
275 270 288
510 487 316
316 487 506
414 410 412
473 478 479
510 316 439
397 387 385
414 415 410
457 473 468
331 330 329
445 458 493
271 275 274
354 343 342
450 465 453
243 502 503
358 359 369
312 298 314
328 360 330
439 319 317
273 274 436
425 424 423
398 284 285
351 353 349
369 374 379
420 423 427
423 432 425
315 488 439
455 460 459
418 433 430
416 420 429
490 441 494
310 492 494
441 485 494
438 493 315
503 502 441
450 448 444
444 448 447
490 494 492
291 434 299
320 437 253
441 440 503
503 440 444
446 463 462
289 290 508
491 445 497
344 369 361
466 459 462
483 496 243
407 345 347
347 345 340
511 253 246
246 253 254
437 326 248
473 472 478
396 389 390
319 324 317
388 393 391
473 474 482
281 277 280
399 513 364
436 434 291
468 475 470
461 456 464
451 458 445
391 398 384
354 403 343
421 419 418
371 372 370
483 243 503
291 310 289
283 394 272
519 520 522
522 520 518
520 521 518
523 521 11
13 519 522
11 521 520
521 523 517
11 520 519
260 521 517
518 521 258
522 518 258
260 258 521
13 11 519
13 522 258
523 12 9
9 515 540
524 545 527
524 527 532
539 525 540
526 525 537
537 525 539
523 526 537
259 261 260
257 259 543
9 540 525
9 525 526
9 526 523
545 528 527
527 528 529
527 529 532
260 517 532
529 528 530
529 530 532
532 530 531
528 543 530
530 543 531
531 543 533
531 533 532
532 533 260
543 259 533
533 259 260
535 534 524
532 535 524
536 538 535
535 538 534
532 536 535
523 537 532
517 523 532
539 536 532
537 539 532
536 540 538
539 540 536
515 541 540
516 257 544
516 542 256
542 516 544
541 256 538
538 256 534
540 541 538
256 524 534
542 528 256
256 528 545
257 543 544
542 544 528
524 256 545
528 544 543
380 170 378
170 120 378
271 264 263
15 17 14
15 14 16
